3.18E-06
7.61E-06
1.59E-05
2.62E-05
2.77E-05
2.40E-05
1.95E-05
1.72E-05
1.72E-05
2.01E-05
2.66E-05
3.64E-05
5.21E-05
7.61E-05
1.13E-04
1.69E-04
2.54E-04
3.84E-04
5.78E-04
8.66E-04
1.31E-03
1.70E-03
1.93E-03
2.18E-03
2.47E-03
2.80E-03
3.16E-03
3.59E-03
4.06E-03
4.61E-03
5.21E-03
5.92E-03
6.69E-03
7.54E-03
8.59E-03
9.71E-03
1.09E-02
1.23E-02
1.37E-02
1.53E-02
1.70E-02
1.89E-02
2.09E-02
2.31E-02
2.54E-02
2.83E-02
3.13E-02
3.62E-02
4.78E-02
6.75E-02
7.93E-02
8.66E-02
1.55E-01
2.79E-01
3.23E-01
1.06E+00